12.27
17.96
6.82
9.83
19.61
5.76
5.24
6.36
17.48
16.42
18.98
17.80
19.00
7.27
18.05
13.34
19.10
15.40
18.74
13.78
11.05
8.63
17.80
14.12
10.68
8.73
12.79
6.53
17.35
6.08
19.89
9.43
15.44
11.72
4.97
11.30
9.36
11.24
9.65
13.63
8.59
12.49
6.35
12.52
14.28
9.15
17.05
12.22
4.06
8.87
13.29
11.95
11.39
17.82
13.75
4.71
5.72
18.91
18.18
12.89
16.06
18.91
5.84
19.25
15.28
13.48
4.65
4.22
16.50
18.95
10.02
12.44
15.27
13.64
11.43
17.33
12.44
11.47
17.61
6.72
10.10
10.15
17.05
18.93
11.42
5.71
4.32
8.21
16.33
18.13
16.58
6.85
19.94
15.30
14.34
7.14
15.74
19.67
17.81
19.21
8.08
13.39
14.42
13.39
8.27
12.33
6.25
14.21
4.51
10.68
4.01
9.26
12.30
11.75
18.28
9.78
5.28
5.58
4.85
16.20
13.00
9.87
13.38
7.11
8.20
18.90
15.00
12.10
8.77
7.04
12.07
17.74
6.40
10.19
7.70
18.69
14.64
11.80
19.96
8.58
17.70
4.93
9.27
13.88
14.95
4.72
13.54
14.18
19.96
12.50
13.50
10.21
5.10
16.73
18.79
8.93
12.39
10.27
5.97
4.99
8.14
17.88
13.94
13.85
12.40
4.90
19.81
14.60
19.06
7.83
5.65
14.15
9.24
5.79
17.14
8.80
13.89
5.07
6.07
14.04
6.03
13.24
12.15
10.65
10.37
9.22
18.44
5.77
6.60
17.19
4.22
4.05
4.55
6.22
5.69
19.97
16.19
19.44
6.17
14.43
